  field: 499999825 499999947 500000234 500000744 325973
  field: 499999825 499998102 500000234 500000744 1080578
  field: 499999825 499999947 500000234 500000744 325973
  field: 499999825 499999947 500000234 500000744 325973
  field: 499999825 499999947 500000234 500001738 732519
  field: 499999825 499999947 500000234 500000744 325973
  field: 499999825 499999947 500000234 500000744 325973
  field: 499999825 499999947 500000234 500000744 325973
  field: 499999825 499999947 500000234 500000744 325973
  field: 499999825 499999947 500001879 500000744 1637038
  field: 499999611 499999947 500000234 500000744 496531
  field: 499999825 499999947 500000234 500000744 325973
2968747
