1658111186
3069478018
13098899478
10756593149
11317994142
10431019458
15871752879
28620102448
689841947
12261020403
9333929165
18945828718
23426842703
2854532702
12692254228
19999407348
2782683518
25945870346
5526339541
8452159335
25029982159
23697005575
28351174514
17725442630
21610866903
26413006027
31372555522
3710446975
11690595518
638506236
26389805133
31662644080
21205911897
19440737949
25801149427
6522638910
8408217571
15730022152
10729080694
11974134648
6831016340
22116400265
837183317
25772737728
607022789
11603597801
3104889780
10884772504
19013452162
11798971376
14101367532
10536012073
6545588842
26935579105
17105632159
3161605350
18088641617
4695096085
17402729756
9498045490
4332678708
23164872759
14634001640
28450006813
21904036790
12667219250
1687453386
18134472230
23460527120
2513355570
2994218624
16496032255
30307760740
31064029549
14451985206
6150123229
345531594
3090075777
20643474106
26125049612
19997145534
6820705991
4857224124
21280119946
27532362084
11866788132
28986605994
11608805719
28668098194
25415900272
9317711132
6296278923
9264305701
8292892369
6496149452
24780964800
4659476345
17373745500
10468332965
26691427367
